129.68
125.4
126.9
125.37
125.65
126.05
126.05
125.4
128.18
125.59
125.89
123.66
125.62
125.8
126.5
125.56
125.28
125.22
126.32
127.76
126.14
125.25
125.5
125.25
126.87
125.56
126.81
126.53
125.37
125.56
127.57
125.89
126.14
126.2
125.77
125.13
126.72
125.77
126.17
126.84
126.11
126.2
125.16
125.59
125.98
125.74
125.59
126.02
128.73
125.37
126.53
125.5
125.59
125.83
126.75
128.49
126.05
126.99
126.75
126.02
126.29
126.2
126.84
126.96
126.63
125.65
126.5
126.32
125.95
125.95
125.68
126.63
125.56
126.41
125.71
125.77
125.59
126.35
126.11
125.8
126.29
126.17
126.6
126.78
126.26
126.78
126.99
125.1
124.18
126.9
124.92
124.34
125.65
124.64
123.66
128.89
126.38
126.38
125.98
126.93
125.62
125.31
126.99
125.74
126.05
126.38
126.56
126.63
126.93
125.56
127.45
125.92
126.81
126.56
127.66
125.28
125.89
125.92
126.78
126.75
126.02
124.0
124.73
123.27
123.36
124.37
124.0
122.87
121.8
121.98
121.07
117.34
116.85
111.85
110.69
105.95
104.18
102.5
101.47
98.02
96.24
94.90001
92.58
93.34
91.33
88.95
88.21
86.53
86.44
83.6
80.85
77.25
77.22
76.27
75.51
70.96
70.9
70.02
67.24
64.92
64.24
61.5
59.6
57.25
54.75
50.66
14.29
14.81
16.24
17.47
16.7
15.57
15.57
15.02
17.07
14.5
16.18
15.24
16.09
14.6
16.12
15.24
16.0
14.87
15.57
14.23
16.46
14.9
17.56
14.17
17.56
14.08
15.18
14.72
16.82
15.39
15.05
14.35
15.91
14.41
15.24
15.39
15.48
15.76
15.85
13.92
14.29
16.24
16.24
16.43
13.74
14.78
14.14
17.1
14.47
17.31
15.97
17.25
13.95
13.95
16.46
17.47
16.21
15.54
16.31
13.74
15.76
14.11
14.6
14.84
15.21
17.07
13.95
14.11
14.14
13.86
16.79
17.37
13.98
16.55
13.68
15.3
14.53
14.56
16.09
13.8
15.24
15.91
14.9
16.89
17.16
17.04
18.08
20.73
23.11
26.9
30.84
35.02
42.35
55.63
61.28
66.93
75.15
79.45
87.48
89.68
96.37
101.83
105.68
113.07
113.8
118.63
119.27
121.25
123.85
123.91
126.9
125.44
125.19
125.53
125.25
128.21
125.53
126.6
127.69
127.36
128.03
128.12
125.74
126.35
130.6
129.04
131.6
129.5
132.46
121.62
117.77
114.17
111.05
105.77
102.63
93.92
88.52
82.53
75.94
68.76
65.34
58.9
57.28
50.26
47.48
42.6
35.02
27.69
23.21
15.3
9.28
16.49
15.88
11.82
14.5
12.73
14.17
14.44
14.41
15.88
14.78
15.69
16.4
24.34
27.82
34.69
37.74
46.02
54.29
62.78
72.92
82.08
87.45
97.47001
102.41
111.24
116.0
117.83
122.99
125.04
125.5
126.02
128.27
128.03
128.12
127.36
127.27
126.6
126.9
125.89
126.5
126.69
126.41
126.9
125.95
126.96
125.1
125.28
125.22
125.47
125.31
125.71
125.31
126.78
125.47
125.83
126.75
126.05
125.8
126.47
126.14
125.65
126.47
125.44
125.25
126.5
126.63
126.93
126.41
125.5
126.84
125.59
126.81
125.92
126.53
126.41
125.07
125.37
126.87
125.56
126.96
126.81
126.35
125.77
125.47
126.78
126.9
126.84
126.14
126.47
126.47
126.29
126.38
126.08
126.23
126.81
125.19
126.08
126.2
125.4
125.77
126.44
125.25
126.63
126.6
126.69
125.53
128.0
126.38
124.73
126.35
126.6
126.87
126.14
126.47
126.9
125.83
126.32
126.84
126.44
125.34
126.05
126.47
126.99
125.95
126.17
126.29
126.41
125.71
126.26
124.85
125.77
125.8
126.47
126.41
126.93
125.62
125.28
125.74
126.63
125.16
126.26
126.32
125.4
126.6
126.9
125.65
125.65
126.44
125.37
126.47
125.4
126.05
126.53
126.47
125.16
126.32
125.31
126.14
126.2
126.56
126.35
126.14
126.14
128.52
125.86
126.72
124.98
134.72
125.19
127.18
123.45
127.94
126.9
125.83
125.16
126.26
136.46
127.73
124.52
125.65
125.98
125.47
124.03
125.53
126.75
126.99
125.92
125.07
126.9
128.12
126.9
126.72
125.86
126.14
125.34
126.69
125.98
125.16
125.44
123.24
126.72
125.8
126.63
125.92
126.41
125.77
126.38
120.67
125.22
126.63
126.23
126.93
116.98
127.6
121.16
136.31
119.08
127.85
128.89
125.65
126.84
128.46
126.44
126.14
125.95
125.25
126.47
126.14
126.38
126.63
126.08
125.16
126.9
128.79
124.92
126.9
126.5
126.2
125.68
126.02
134.66
138.47
126.5
128.67
126.23
126.11
126.47
125.56
126.99
126.72
126.29
128.0
128.82
125.98
126.69
126.35
126.2
125.47
126.93
125.98
128.85
126.17
123.21
127.69
123.3
128.27
130.05
127.39
123.21
125.16
120.95
117.68
118.81
118.6
114.05
110.5
105.98
105.28
99.73001
96.27
101.86
87.48
83.18
75.6
68.79
63.42
64.27
57.44
56.24
51.54
49.83
48.06
43.42
43.08
42.87
39.48
38.72
33.34
31.6
30.2
25.68
25.47
27.08
20.82
23.02
18.75
18.72
15.76
17.19
15.76
16.55
16.52
16.43
18.66
16.55
18.96
17.37
18.72
19.21
19.97
21.31
19.57
17.92
20.79
18.9
85.77
92.73001
100.06
110.29
113.65
117.34
120.89
121.5
124.64
125.07
127.21
128.52
128.85
127.42
126.26
129.34
127.05
125.95
125.62
126.75
125.98
125.86
125.62
127.45
125.25
126.26
125.74
125.8
125.8
126.6
126.56
127.05
125.65
125.28
126.44
125.71
126.08
128.27
128.7
125.1
126.63
125.71
126.72
127.82
125.13
123.27
126.84
127.69
125.95
126.02
126.17
126.6
125.53
126.6
126.81
125.47
125.77
126.78
125.68
125.1
126.75
126.08
126.96
125.16
