0.0
126.75
121.22
126.23
126.47
126.78
127.11
126.72
123.6
128.34
123.48
128.52
126.63
126.75
126.78
124.49
126.78
126.17
126.23
125.65
125.65
125.34
125.47
125.86
125.37
125.95
126.84
126.56
125.74
126.35
126.23
126.2
123.66
126.41
125.89
125.8
126.05
126.99
126.47
124.15
124.34
125.59
126.38
126.87
124.46
123.97
125.62
126.29
123.91
122.2
126.63
125.53
126.2
126.9
122.9
125.4
126.99
125.4
122.9
125.74
125.83
126.2
126.26
126.63
121.65
125.68
127.54
125.56
123.51
125.98
126.75
126.63
122.96
123.48
125.28
125.89
125.8
123.05
125.74
126.66
126.93
122.5
124.4
126.26
125.4
125.47
124.4
122.78
126.72
125.25
125.86
125.01
121.53
124.03
125.28
125.86
125.89
122.78
121.74
126.26
126.72
126.96
