1.16
124.31
127.57
126.84
128.21
125.37
125.68
126.81
126.08
126.63
126.38
126.47
125.68
128.58
128.92
125.56
125.56
125.95
126.96
125.62
125.5
128.7
126.5
127.18
126.14
126.38
125.68
126.32
128.85
126.87
127.45
126.08
125.28
125.98
125.95
125.95
127.18
126.17
125.83
125.98
125.22
128.43
126.66
126.32
126.35
126.2
128.18
124.79
126.08
124.52
126.2
126.05
125.28
126.99
126.81
126.99
127.91
126.93
125.65
125.86
125.59
125.25
126.02
125.56
126.96
126.53
127.97
126.87
125.37
125.98
126.35
128.95
125.62
125.04
131.39
-184.95
141.56
128.24
121.44
127.42
160.98
137.07
113.47
127.21
121.1
141.47
236.79
147.02
39.97
175.27
134.96
74.32
155.18
89.59
95.36
92.52
127.91
158.05
138.81
113.74
86.44
70.93
90.29
131.76
48.98
155.02
87.85
156.18
154.02
107.76
-4.58
91.24
151.79
160.0
27.11
107.3
164.43
152.67
104.85
78.11
85.33999
-8.09
133.37
87.79
161.86
96.7
127.76
143.18
169.44
174.35
-12.12
83.91001
81.83001
108.64
98.66
73.04
69.65
-2.66
111.6
71.94
170.93
178.84
95.39001
98.23001
105.25
122.38
163.02
2.56
195.42
62.32
89.98
121.74
78.75
82.41
73.25
161.98
153.4
-6.69
58.93
77.4
126.78
102.63
108.67
94.35
107.76
99.08
121.28
189.47
73.44
104.61
82.08
194.72
71.66
-3.76
163.91
168.82
94.26001
171.39
84.27
57.89
109.1
58.56
5.37
45.59
162.75
63.42
114.29
35.57
67.69001
166.53
2.08
129.8
136.64
94.56
191.73
113.47
175.94
96.37
175.39
170.78
34.96
64.03
97.1
98.93001
32.67
-6.08
55.11
172.89
183.15
77.71
165.16
101.68
114.2
116.55
111.69
124.52
30.66
121.22
92.31
136.98
139.88
126.44
118.23
54.56
108.58
174.14
192.46
80.61
2.14
17.98
101.25
48.15
128.12
79.51
134.23
44.67
0.61
75.48
75.66
126.6
74.96
87.21
115.6
110.87
53.92
144.31
112.58
163.42
82.2
72.82
82.6
0.67
-2.44
-9.31
49.1
136.37
126.32
124.37
72.06
79.39
82.66001
97.40001
75.45
100.43
162.41
-32.52
34.11
16.58
97.56
76.21
169.92
146.26
62.75
93.56
144.12
91.02
116.92
96.03
42.84
95.39001
91.88
104.24
63.76
52.95
182.32
-9.8
-42.11
38.05
12.76
21.92
152.4
92.7
70.02
-10.44
25.66
122.93
82.63
163.39
25.8
109.77
94.47001
103.39
91.27
67.21
170.75
65.89
82.53
-1.07
32.43
114.44
101.34
104.21
91.02
-8.92
56.7
76.76
45.16
76.43
89.98
-16.52
-24.52
146.96
-20.31
107.02
10.69
70.87
109.8
49.01
120.52
114.5
185.44
208.76
-28.7
90.72001
105.77
200.64
83.76
199.18
92.03
77.01
68.79
159.27
38.63
46.5
131.76
125.68
103.76
74.81
89.25
94.05001
97.65
-40.46
-9.44
-10.44
32.12
9.98
88.7
101.83
59.85
80.73001
70.44
4.89
136.4
206.29
179.45
105.25
64.7
18.02
136.12
145.62
133.74
72.12
71.82
109.53
36.12
100.49
102.05
179.79
103.39
87.05001
24.24
198.87
179.02
148.58
28.55
108.27
74.93
187.69
115.33
114.23
105.92
79.85
85.86
53.44
107.51
94.11
192.55
41.47
71.42
105.77
85.86
74.35
78.66001
106.81
91.05
-13.86
93.77
127.42
90.96
