1 125.4 54.0
2 126.78 54.0
3 132.18 54.0
4 222.14 54.0
5 71.27 54.0
6 227.45 54.0
7 52.12 54.0
8 80.37001 54.0
9 125.47 54.0
10 222.63 54.0
11 9.13 54.0
12 154.84 54.0
13 181.07 54.0
14 108.89 54.0
15 54.63 54.0
16 60.0 54.0
17 91.54 54.0
18 180.09 54.0
19 105.4 54.0
20 32.21 54.0
21 132.7 54.0
22 106.05 54.0
23 223.97 54.0
24 104.79 54.0
25 90.02 54.0
26 172.98 54.0
27 176.92 54.0
28 15.66 54.0
29 217.83 54.0
30 108.49 54.0
31 50.72 54.0
32 201.86 54.0
33 129.16 54.0
34 172.85 54.0
35 43.54 54.0
36 169.86 54.0
37 71.51 54.0
38 43.27 54.0
39 55.73 54.0
40 175.21 54.0
41 8.76 54.0
42 139.82 54.0
43 189.28 54.0
44 103.85 54.0
45 197.86 54.0
46 209.56 54.0
47 107.36 54.0
48 137.19 54.0
49 165.86 54.0
50 150.6 54.0
51 117.62 54.0
52 99.27 54.0
53 93.86001 54.0
54 229.68 54.0
55 124.03 54.0
56 47.36 54.0
57 165.22 54.0
58 142.47 54.0
59 178.9 54.0
60 133.65 54.0
61 37.74 54.0
62 18.02 54.0
63 98.81 54.0
64 200.46 54.0
65 191.94 54.0
66 105.83 54.0
67 121.07 54.0
68 72.12 54.0
69 191.36 54.0
70 151.08 54.0
71 197.53 54.0
72 48.85 54.0
73 152.76 54.0
74 44.27 54.0
75 51.57 54.0
76 221.44 54.0
77 183.18 54.0
78 174.56 54.0
79 68.52 54.0
80 85.80001 54.0
81 185.19 54.0
82 69.53 54.0
83 104.06 54.0
84 190.32 54.0
85 66.23001 54.0
86 79.33 54.0
87 91.91001 54.0
88 95.82 54.0
89 61.4 54.0
90 86.38 54.0
91 91.88 54.0
92 127.54 54.0
93 179.27 54.0
94 227.94 54.0
95 17.16 54.0
96 91.39 54.0
97 185.13 54.0
98 139.36 54.0
99 69.5 54.0
100 110.23 54.0
101 47.6 54.0
102 152.46 54.0
103 169.44 54.0
104 155.94 54.0
105 179.39 54.0
106 200.43 54.0
107 180.27 54.0
108 114.6 54.0
109 170.35 54.0
110 65.01 54.0
111 95.05 54.0
112 104.37 54.0
113 34.38 54.0
114 122.63 54.0
115 224.58 54.0
116 168.4 54.0
117 157.92 54.0
118 11.08 54.0
119 27.63 54.0
120 86.26 54.0
121 100.64 54.0
122 119.79 54.0
123 69.8 54.0
124 228.27 54.0
125 232.34 54.0
126 10.44 54.0
127 0.58 54.0
128 56.95 54.0
129 183.27 54.0
130 33.77 54.0
131 69.19 54.0
132 178.44 54.0
133 52.89 54.0
134 86.81 54.0
135 108.34 54.0
136 100.92 54.0
137 65.53 54.0
138 206.05 54.0
139 9.68 54.0
140 98.78 54.0
141 109.47 54.0
142 117.07 54.0
143 81.04 54.0
144 229.68 54.0
145 204.46 54.0
146 22.69 54.0
147 225.19 54.0
148 191.27 54.0
149 205.04 54.0
150 49.71 54.0
151 47.73 54.0
152 171.57 54.0
153 220.7 54.0
154 17.74 54.0
155 67.6 54.0
156 101.59 54.0
157 95.36 54.0
158 132.76 54.0
159 91.18 54.0
160 157.95 54.0
161 143.11 54.0
162 84.18 54.0
163 90.41 54.0
164 177.4 54.0
165 9.1 54.0
166 118.53 54.0
167 213.56 54.0
168 131.3 54.0
169 88.82 54.0
170 234.29 54.0
171 29.44 54.0
172 159.36 54.0
173 87.82001 54.0
174 143.02 54.0
175 155.94 54.0
176 229.68 54.0
177 142.84 54.0
178 87.51 54.0
179 88.79001 54.0
180 233.89 54.0
181 163.76 54.0
182 78.63 54.0
183 198.41 54.0
184 202.41 54.0
185 217.53 54.0
186 126.38 54.0
187 84.73001 54.0
188 203.36 54.0
189 26.53 54.0
190 64.49 54.0
191 134.2 54.0
192 203.76 54.0
193 55.33 54.0
194 64.58 54.0
195 161.28 54.0
196 146.72 54.0
197 94.17 54.0
198 152.73 54.0
199 199.24 54.0
200 91.91001 54.0
201 201.74 54.0
202 113.04 54.0
203 82.17 54.0
204 126.56 54.0
205 153.28 54.0
206 205.89 54.0
207 218.35 54.0
208 25.98 54.0
209 156.92 54.0
210 223.69 54.0
211 117.83 54.0
212 155.24 54.0
213 172.85 54.0
214 32.76 54.0
215 191.57 54.0
216 193.68 54.0
217 116.85 54.0
218 65.65 54.0
219 135.79 54.0
220 121.37 54.0
221 63.63 54.0
222 82.05001 54.0
223 130.75 54.0
224 238.96 54.0
225 219.02 54.0
226 83.79001 54.0
227 206.41 54.0
228 201.01 54.0
229 93.34 54.0
230 99.85 54.0
231 19.76 54.0
232 148.49 54.0
233 62.05 54.0
234 4.18 54.0
235 201.34 54.0
236 208.03 54.0
237 101.1 54.0
238 103.54 54.0
239 126.02 54.0
240 34.5 54.0
241 20.0 54.0
242 48.27 54.0
243 93.71 54.0
244 50.17 54.0
245 179.15 54.0
246 44.0 54.0
247 224.55 54.0
248 47.05 54.0
249 15.39 54.0
250 39.27 54.0
251 126.35 54.0
252 35.51 54.0
253 221.13 54.0
254 14.99 54.0
255 116.61 54.0
256 71.08 54.0
257 15.3 54.0
258 221.71 54.0
259 55.45 54.0
260 190.5 54.0
261 191.11 54.0
262 201.65 54.0
263 16.98 54.0
264 199.33 54.0
265 217.28 54.0
266 27.33 54.0
267 32.55 54.0
268 55.18 54.0
269 122.02 54.0
270 205.47 54.0
271 10.32 54.0
272 15.39 54.0
273 202.96 54.0
274 123.18 54.0
275 211.94 54.0
276 207.33 54.0
277 96.06 56.0
278 249.62 56.0
279 248.24 56.0
280 -44.21 56.0
281 240.12 56.0
282 214.63 56.0
283 196.52 56.0
284 -95.91001 56.0
285 -75.69 56.0
286 72.34 56.0
287 107.39 56.0
288 68.49 56.0
289 248.64 56.0
290 164.55 56.0
291 20.7 56.0
292 -80.79 56.0
293 172.4 56.0
294 -158.14 56.0
295 169.13 56.0
296 199.66 56.0
297 59.36 56.0
298 218.14 56.0
299 52.76 56.0
300 133.68 56.0
301 167.76 56.0
302 62.44 56.0
303 145.07 56.0
304 64.24 56.0
305 249.71 56.0
306 36.21 56.0
307 -29.89 56.0
308 220.46 56.0
309 -91.24 56.0
310 -81.65 56.0
311 180.89 56.0
312 64.43 56.0
313 -4.09 56.0
314 -25.44 56.0
315 12.89 56.0
316 47.36 56.0
317 197.62 56.0
318 33.92 56.0
319 248.18 56.0
320 159.08 56.0
321 176.18 56.0
322 19.27 56.0
323 12.98 56.0
324 -154.53 56.0
325 165.25 56.0
326 25.13 56.0
327 -134.87 56.0
328 62.26 56.0
329 145.13 56.0
330 196.0 56.0
331 209.22 56.0
332 56.98 56.0
333 248.95 56.0
334 249.8 56.0
335 248.95 56.0
336 -32.0 56.0
337 96.15001 56.0
338 228.09 56.0
339 -63.27 56.0
340 -16.79 56.0
341 -153.47 56.0
342 177.71 56.0
343 139.08 56.0
344 101.68 56.0
345 61.89 56.0
346 93.86001 56.0
347 248.24 56.0
348 168.09 56.0
349 0.06 56.0
350 213.86 56.0
351 171.73 56.0
352 -158.47 56.0
353 38.53 56.0
354 156.31 56.0
355 249.98 56.0
356 248.46 56.0
357 21.07 56.0
358 10.87 56.0
359 195.97 56.0
360 -77.74 56.0
361 -116.61 56.0
362 28.15 56.0
363 58.02 56.0
364 209.89 56.0
365 105.8 56.0
366 198.41 56.0
367 249.59 56.0
368 16.18 56.0
369 249.19 56.0
370 92.95 56.0
371 -168.18 56.0
372 -89.31 56.0
373 118.72 56.0
374 239.15 56.0
375 123.08 56.0
376 119.88 56.0
377 248.61 56.0
378 -3.94 56.0
379 62.17 56.0
380 39.02 56.0
381 -87.3 56.0
382 55.36 56.0
383 238.29 56.0
384 35.6 56.0
385 55.76 56.0
386 248.18 56.0
387 154.23 56.0
388 57.4 56.0
389 96.51999 56.0
390 82.17 56.0
391 160.03 56.0
392 242.29 56.0
393 -56.73 56.0
394 82.44 56.0
395 46.5 56.0
396 237.86 56.0
397 53.34 56.0
398 166.87 56.0
399 151.51 56.0
400 -139.63 56.0
401 -162.6 56.0
402 108.31 56.0
403 62.08 56.0
404 52.12 56.0
405 48.18 56.0
406 249.47 56.0
407 248.55 56.0
408 78.2 56.0
409 96.18 56.0
410 208.52 56.0
411 77.44 56.0
412 -158.47 56.0
413 -68.43 56.0
414 152.61 56.0
415 186.53 56.0
416 117.98 56.0
417 36.58 56.0
418 248.52 56.0
419 159.54 56.0
420 238.66 56.0
421 249.62 56.0
422 51.33 56.0
423 116.92 56.0
424 231.27 56.0
425 73.04 56.0
426 -17.22 56.0
427 -41.8 56.0
428 24.18 56.0
429 249.31 56.0
430 248.76 56.0
431 10.53 56.0
432 29.89 56.0
433 213.37 56.0
434 -163.05 56.0
435 -37.5 56.0
436 217.56 56.0
437 249.47 56.0
438 158.2 56.0
439 -64.06 56.0
440 234.05 56.0
441 -113.28 56.0
442 -6.72 56.0
443 205.74 56.0
444 208.12 56.0
445 53.31 56.0
446 249.13 56.0
447 249.28 56.0
448 22.96 56.0
449 13.19 56.0
450 207.82 56.0
451 -44.46 56.0
452 57.44 56.0
453 -168.15 56.0
454 -69.31 56.0
455 221.5 56.0
456 249.5 56.0
457 248.46 56.0
458 177.1 56.0
459 248.82 56.0
460 248.24 56.0
461 52.89 56.0
462 137.92 56.0
463 -49.74 56.0
464 -137.77 56.0
465 -108.98 56.0
466 -115.94 56.0
467 132.92 56.0
468 191.6 56.0
469 44.95 56.0
470 30.78 56.0
471 249.4 56.0
472 249.89 59.0
473 7.69 59.0
474 147.45 59.0
475 137.59 59.0
476 81.98001 59.0
477 210.05 59.0
478 210.78 59.0
479 129.53 59.0
480 176.7 59.0
481 186.9 59.0
482 171.3 59.0
483 110.53 59.0
484 46.17 59.0
485 83.51001 59.0
486 154.56 59.0
487 45.98 59.0
488 67.63 59.0
489 128.43 59.0
490 129.1 59.0
491 34.78 59.0
492 22.5 59.0
493 27.05 59.0
494 96.4 59.0
495 80.06 59.0
496 1.47 59.0
497 -2.75 59.0
498 155.11 59.0
499 16.64 59.0
500 0.95 59.0
501 136.06 59.0
502 19.66 59.0
503 29.22 59.0
504 139.21 59.0
505 28.12 59.0
506 66.87 59.0
507 10.93 59.0
508 148.7 59.0
509 132.92 59.0
510 93.01001 59.0
511 169.86 59.0
512 174.63 59.0
513 71.88 59.0
514 124.09 59.0
515 119.05 59.0
516 132.27 59.0
517 119.82 59.0
518 90.75 59.0
519 0.73 59.0
520 104.37 59.0
521 148.15 59.0
522 3.88 59.0
523 106.66 59.0
524 138.2 59.0
525 -5.44 59.0
526 69.89 59.0
527 -34.41 59.0
528 82.99 59.0
529 35.3 59.0
530 87.73001 59.0
531 113.65 59.0
532 97.86 59.0
533 88.31 59.0
534 90.96 59.0
535 19.51 59.0
536 105.4 59.0
537 66.29 59.0
538 135.91 59.0
539 144.34 59.0
540 131.33 59.0
541 153.8 59.0
542 162.9 59.0
543 50.23 59.0
544 127.97 59.0
545 112.52 59.0
546 158.56 59.0
547 37.74 59.0
548 122.87 59.0
549 -4.12 59.0
550 15.18 59.0
551 103.69 59.0
552 82.83999 59.0
553 3.36 59.0
554 104.46 59.0
555 91.66 59.0
556 81.44 59.0
557 148.0 59.0
558 176.4 59.0
559 181.1 59.0
560 87.63 59.0
561 83.02 59.0
562 74.87 59.0
563 106.69 59.0
564 126.44 59.0
565 107.91 59.0
566 107.08 59.0
567 66.75 59.0
568 23.88 59.0
569 30.87 59.0
570 153.68 59.0
571 75.63 59.0
572 59.63 59.0
573 122.05 59.0
574 101.86 59.0
575 126.84 59.0
576 2.66 59.0
577 78.41001 59.0
578 93.77 59.0
579 103.18 59.0
580 84.15 59.0
581 87.76 59.0
582 49.28 59.0
583 33.65 59.0
584 28.37 59.0
585 93.13 59.0
586 139.69 59.0
587 119.79 59.0
588 95.69 59.0
589 103.08 59.0
590 158.41 59.0
591 72.49 59.0
592 146.56 59.0
593 79.05 59.0
594 148.61 59.0
595 55.94 59.0
596 68.73001 59.0
597 141.56 59.0
598 52.79 59.0
599 27.85 59.0
600 89.56 59.0
601 3.24 59.0
602 59.27 59.0
603 59.39 59.0
604 49.68 59.0
605 56.55 59.0
606 117.4 59.0
607 82.08 59.0
608 134.72 59.0
609 118.08 59.0
610 118.6 59.0
611 1.89 59.0
612 76.49 59.0
613 54.38 59.0
614 165.74 59.0
615 65.89 59.0
616 72.0 59.0
617 81.50001 59.0
618 152.92 59.0
619 134.2 59.0
620 151.85 59.0
621 25.86 59.0
622 97.04 59.0
623 106.35 59.0
624 1.92 59.0
625 104.15 59.0
626 130.6 59.0
627 83.21 59.0
628 -6.96 59.0
629 11.21 59.0
630 98.05 59.0
631 134.5 59.0
632 182.69 59.0
633 91.85 59.0
634 109.71 59.0
635 -6.02 59.0
636 157.59 59.0
637 118.35 59.0
638 68.82 59.0
639 89.16 59.0
640 93.74 59.0
641 21.62 59.0
642 101.25 59.0
643 142.5 59.0
644 137.1 59.0
645 102.38 59.0
646 105.62 59.0
647 117.19 59.0
648 125.89 59.0
649 113.62 59.0
650 103.33 59.0
651 95.82 59.0
652 -9.4 59.0
653 148.73 59.0
654 145.16 59.0
655 87.73001 59.0
656 142.6 59.0
657 133.83 59.0
658 83.66 59.0
659 98.23001 59.0
660 105.04 59.0
661 177.19 59.0
662 52.55 59.0
663 85.77 59.0
664 106.47 59.0
665 95.45 59.0
666 122.84 59.0
667 113.04 59.0
668 143.18 59.0
669 2.35 59.0
670 72.76 59.0
671 149.47 59.0
672 153.74 59.0
673 42.72 59.0
674 116.12 59.0
675 92.03 59.0
676 0.43 59.0
677 36.73 59.0
678 130.44 59.0
679 1.13 59.0
680 48.18 59.0
681 -9.04 59.0
682 24.34 59.0
683 62.14 59.0
684 127.27 59.0
685 91.24 59.0
686 93.37001 59.0
687 92.79 59.0
688 40.34 59.0
689 133.62 59.0
690 78.6 59.0
691 13.56 59.0
692 106.02 59.0
693 75.94 59.0
694 37.5 59.0
695 128.43 59.0
696 154.26 59.0
697 100.89 59.0
698 57.98 59.0
699 141.44 59.0
700 74.5 59.0
701 52.43 59.0
702 122.93 59.0
703 156.82 59.0
704 133.07 59.0
705 30.72 59.0
706 146.56 59.0
707 26.81 59.0
708 9.86 59.0
709 123.63 59.0
710 85.83 59.0
711 137.07 59.0
712 9.68 59.0
713 1.95 59.0
714 118.29 59.0
715 72.95 59.0
716 8.95 59.0
717 -3.54 59.0
718 87.48 59.0
719 112.95 59.0
720 67.21 59.0
721 114.66 59.0
722 109.16 59.0
723 27.45 59.0
724 175.94 59.0
725 164.43 59.0
726 -2.84 59.0
727 105.34 59.0
728 108.98 59.0
729 73.95 59.0
730 9.13 59.0
731 83.97 59.0
732 43.45 59.0
733 133.5 59.0
734 95.88 59.0
735 132.76 59.0
736 125.83 59.0
737 112.0 59.0
738 78.66001 59.0
739 52.67 59.0
740 102.44 59.0
741 124.82 59.0
742 59.57 59.0
743 23.6 59.0
744 29.22 59.0
745 137.19 59.0
746 118.99 59.0
747 101.28 59.0
748 17.1 59.0
749 174.53 59.0
750 59.97 59.0
751 134.35 59.0
752 144.06 59.0
753 70.6 59.0
754 176.79 59.0
755 81.1 59.0
756 107.24 59.0
757 116.12 59.0
758 67.08 59.0
759 21.16 59.0
760 99.88 59.0
761 146.29 59.0
762 135.6 59.0
763 166.14 59.0
764 104.03 59.0
765 77.37 59.0
766 67.05 59.0
767 166.11 59.0
768 77.22 59.0
769 138.6 59.0
770 94.87 59.0
771 58.02 59.0
772 87.48 59.0
773 50.72 59.0
774 8.89 59.0
775 137.19 59.0
776 94.35 59.0
777 63.45 59.0
778 114.96 59.0
779 172.27 59.0
780 74.38 59.0
781 51.36 59.0
782 161.53 59.0
783 107.21 59.0
784 52.4 59.0
785 79.45 59.0
786 74.32 59.0
787 178.5 59.0
788 119.51 59.0
789 89.31 59.0
790 161.22 59.0
791 78.69 59.0
792 150.96 59.0
793 141.98 59.0
794 105.98 59.0
795 98.53 59.0
796 66.93 59.0
797 157.86 59.0
798 169.56 59.0
799 51.76 59.0
800 66.05 59.0
801 82.2 59.0
802 105.95 59.0
803 157.31 59.0
804 112.12 59.0
805 114.29 59.0
806 82.96 59.0
807 68.31 59.0
808 106.69 59.0
809 162.53 59.0
810 84.76001 59.0
811 8.09 59.0
812 135.82 59.0
813 171.05 59.0
814 57.89 59.0
815 78.14 59.0
816 76.24 59.0
817 13.68 59.0
818 84.24 59.0
819 99.21 59.0
820 18.56 59.0
821 119.51 59.0
822 9.56 59.0
823 76.43 59.0
824 76.73 59.0
825 30.69 59.0
826 143.51 59.0
827 142.47 59.0
828 151.94 59.0
829 101.01 59.0
830 136.43 59.0
831 98.2 59.0
832 97.25 59.0
833 78.53 59.0
834 88.43 59.0
835 27.79 59.0
836 113.31 59.0
837 152.37 59.0
838 135.45 59.0
839 20.7 59.0
840 105.22 59.0
841 116.12 59.0
842 67.73 59.0
843 80.98001 59.0
844 25.1 59.0
845 142.47 59.0
846 106.23 59.0
847 67.69001 59.0
848 88.64 59.0
849 54.81 59.0
850 3.33 59.0
851 34.47 59.0
852 102.66 59.0
853 70.17 59.0
854 139.27 59.0
855 70.9 59.0
856 148.82 59.0
857 21.34 59.0
858 133.74 59.0
859 136.09 59.0
860 158.5 59.0
861 88.82 59.0
862 73.19 59.0
863 134.72 59.0
864 95.51001 59.0
865 7.85 59.0
866 61.5 59.0
867 122.14 59.0
868 80.73001 59.0
869 70.47 59.0
870 109.56 59.0
871 65.1 59.0
872 62.69 59.0
873 2.93 59.0
874 96.7 59.0
875 122.87 59.0
876 92.40001 59.0
877 109.68 59.0
878 88.06 59.0
879 73.04 59.0
880 21.37 59.0
881 160.61 59.0
882 84.61 59.0
883 76.0 59.0
884 155.6 59.0
885 45.13 59.0
886 72.27 59.0
887 179.73 59.0
888 184.43 59.0
889 93.83 59.0
890 90.87001 59.0
891 100.15 59.0
892 10.38 59.0
893 2.96 59.0
894 104.34 59.0
895 152.92 59.0
896 130.44 59.0
897 71.73 59.0
898 101.1 59.0
899 30.2 59.0
900 96.55001 59.0
901 158.29 59.0
902 158.05 59.0
903 129.34 59.0
904 89.56 59.0
905 122.47 59.0
906 118.96 59.0
907 85.33999 59.0
908 77.83 59.0
909 61.5 59.0
910 151.57 59.0
911 97.98 59.0
912 128.67 59.0
913 137.62 59.0
914 45.8 59.0
915 133.34 59.0
916 71.85 59.0
917 10.32 59.0
918 75.33 59.0
919 89.04 59.0
920 70.05001 59.0
921 92.18 59.0
922 56.27 59.0
923 150.56 59.0
924 23.82 59.0
925 160.89 59.0
926 32.0 59.0
927 127.79 59.0
928 159.97 59.0
929 24.92 59.0
930 98.69 59.0
931 120.73 59.0
932 89.44 59.0
933 93.37001 59.0
934 104.89 59.0
935 158.47 59.0
936 162.47 59.0
937 159.79 59.0
938 84.7 59.0
939 140.58 59.0
940 89.04 59.0
941 91.54 59.0
942 161.34 59.0
943 15.11 59.0
944 165.01 59.0
945 93.16001 59.0
946 120.46 59.0
947 107.85 59.0
948 11.91 59.0
949 139.15 59.0
950 78.69 59.0
951 155.63 59.0
952 60.76 59.0
953 37.16 59.0
954 95.76 59.0
955 162.87 59.0
956 94.05001 59.0
957 76.31 59.0
958 70.66 59.0
959 139.51 59.0
960 20.21 59.0
961 79.15 59.0
962 50.29 59.0
963 13.19 59.0
964 146.05 59.0
965 90.6 59.0
966 173.47 59.0
967 108.55 59.0
968 70.63 59.0
969 79.57 59.0
970 90.66001 59.0
971 165.31 59.0
972 103.08 59.0
973 123.88 59.0
974 84.58 59.0
975 98.2 59.0
976 37.25 59.0
977 137.22 59.0
978 93.83 59.0
979 168.37 59.0
980 153.31 59.0
981 104.4 59.0
982 104.31 59.0
983 107.76 59.0
984 64.49 59.0
985 75.45 59.0
986 139.11 59.0
987 150.44 59.0
988 173.56 59.0
989 111.57 59.0
990 117.31 59.0
991 71.94 59.0
992 90.75 59.0
993 100.58 59.0
994 31.91 59.0
995 85.07 59.0
996 89.37 59.0
997 99.24 59.0
998 31.36 59.0
999 117.62 59.0
1000 22.47 59.0
1001 89.5 59.0
1002 65.28 59.0
1003 137.74 59.0
1004 73.1 59.0
1005 25.62 59.0
1006 158.41 59.0
1007 62.2 59.0
1008 33.44 59.0
1009 101.34 59.0
1010 154.02 59.0
1011 65.95 59.0
1012 166.14 59.0
1013 85.80001 59.0
1014 116.98 59.0
1015 108.43 59.0
1016 171.82 59.0
1017 129.1 59.0
1018 140.43 59.0
1019 24.24 59.0
1020 85.31 59.0
1021 23.08 59.0
1022 118.72 59.0
1023 72.0 59.0
1024 81.83001 59.0
1025 78.99 59.0
1026 92.46 59.0
1027 55.24 59.0
1028 148.03 59.0
1029 49.74 59.0
1030 78.93 59.0
1031 51.45 59.0
1032 127.88 59.0
1033 59.48 59.0
1034 174.96 59.0
1035 98.17 59.0
1036 130.75 59.0
1037 85.37001 59.0
1038 96.64001 59.0
1039 126.78 59.0
1040 132.61 59.0
1041 11.24 59.0
1042 125.62 59.0
1043 81.4 59.0
1044 79.11 59.0
1045 6.38 59.0
1046 167.3 59.0
1047 92.58 59.0
1048 70.38 59.0
1049 95.30001 59.0
1050 97.28 59.0
1051 -7.45 59.0
1052 187.45 59.0
1053 101.01 59.0
1054 177.53 59.0
1055 87.51 59.0
1056 82.69 59.0
1057 162.56 59.0
1058 157.8 59.0
1059 116.49 59.0
1060 142.32 59.0
1061 43.36 59.0
1062 127.54 59.0
1063 76.55 59.0
1064 165.16 59.0
1065 91.94 59.0
1066 128.76 59.0
1067 135.36 59.0
1068 73.98 59.0
1069 106.08 59.0
1070 87.69 59.0
1071 115.91 59.0
1072 88.95 59.0
1073 55.82 59.0
1074 69.16 59.0
1075 119.02 59.0
1076 49.56 59.0
1077 103.48 59.0
1078 142.29 59.0
1079 152.85 59.0
1080 132.92 59.0
1081 155.79 59.0
1082 84.46 59.0
1083 65.07 59.0
1084 100.55 59.0
1085 76.89 59.0
1086 116.06 59.0
1087 97.25 59.0
1088 40.46 59.0
1089 164.24 59.0
1090 75.76 59.0
1091 67.11 59.0
1092 147.15 59.0
1093 140.73 59.0
1094 35.3 59.0
1095 81.31 59.0
1096 70.44 59.0
1097 137.47 59.0
1098 12.31 59.0
1099 138.11 59.0
1100 114.32 59.0
1101 68.98 59.0
1102 170.5 59.0
1103 103.79 59.0
1104 104.55 59.0
1105 111.88 59.0
1106 122.5 59.0
1107 165.37 59.0
1108 118.23 59.0
1109 91.33 59.0
1110 73.5 59.0
1111 72.85 59.0
1112 122.2 59.0
1113 23.3 59.0
1114 108.49 59.0
1115 11.02 59.0
1116 39.42 59.0
1117 160.46 59.0
1118 17.01 59.0
1119 114.81 59.0
1120 165.62 59.0
1121 109.5 59.0
1122 160.64 59.0
1123 113.34 59.0
1124 137.31 59.0
1125 141.89 59.0
1126 112.52 59.0
1127 79.54 59.0
1128 102.02 59.0
1129 172.4 59.0
1130 95.94001 59.0
1131 24.49 59.0
1132 121.31 59.0
1133 97.71 59.0
1134 96.7 59.0
1135 24.89 59.0
1136 118.53 59.0
1137 53.16 59.0
1138 42.29 59.0
1139 148.7 59.0
1140 124.09 59.0
1141 113.1 59.0
1142 92.73001 59.0
1143 72.61 59.0
1144 6.17 59.0
1145 85.47 59.0
1146 63.05 59.0
1147 167.08 59.0
1148 154.5 59.0
1149 124.09 59.0
1150 51.88 59.0
1151 81.86 59.0
1152 21.86 59.0
1153 112.76 59.0
1154 1.77 59.0
1155 74.05 59.0
1156 43.73 59.0
1157 178.05 59.0
1158 98.41001 59.0
1159 116.85 59.0
1160 125.74 59.0
1161 147.73 59.0
1162 134.53 59.0
1163 113.44 59.0
1164 99.97001 59.0
1165 170.87 59.0
1166 15.08 59.0
1167 74.29 59.0
1168 139.97 59.0
1169 80.7 59.0
1170 80.4 59.0
1171 148.24 59.0
1172 77.86 59.0
1173 134.53 59.0
1174 107.94 59.0
1175 154.84 59.0
1176 100.4 59.0
1177 71.82 59.0
1178 103.48 59.0
1179 66.99 59.0
1180 80.37001 59.0
1181 119.39 59.0
1182 154.93 59.0
1183 73.98 59.0
1184 116.18 59.0
1185 169.5 59.0
1186 135.21 59.0
1187 72.73 59.0
1188 68.43 59.0
1189 122.02 59.0
1190 77.59 59.0
1191 104.67 59.0
1192 94.99 59.0
1193 180.89 59.0
1194 63.36 59.0
1195 101.16 59.0
1196 161.13 59.0
1197 75.51 59.0
1198 139.36 59.0
1199 92.82001 59.0
1200 74.56 59.0
1201 57.59 59.0
1202 103.94 59.0
1203 99.91 59.0
1204 81.56 59.0
1205 135.36 59.0
1206 87.39 59.0
1207 69.62 59.0
1208 91.94 59.0
1209 164.98 59.0
1210 74.56 59.0
1211 105.65 59.0
1212 200.98 59.0
1213 11.27 59.0
1214 143.39 59.0
1215 23.66 59.0
1216 119.11 59.0
1217 -15.24 59.0
1218 121.5 59.0
1219 160.64 59.0
1220 13.53 59.0
1221 107.79 59.0
1222 35.3 59.0
1223 89.25 59.0
1224 163.94 59.0
1225 148.03 59.0
1226 75.66 59.0
1227 109.25 59.0
1228 28.43 59.0
1229 144.76 59.0
1230 65.53 59.0
1231 99.27 59.0
1232 158.47 59.0
1233 46.84 59.0
1234 151.6 59.0
1235 164.58 59.0
1236 69.13 59.0
1237 82.08 59.0
1238 46.08 59.0
1239 167.21 59.0
1240 153.04 59.0
1241 91.45 59.0
1242 157.19 59.0
1243 128.98 59.0
1244 29.68 59.0
1245 119.88 59.0
1246 166.02 59.0
1247 93.53 59.0
1248 100.61 59.0
1249 184.95 59.0
1250 29.47 59.0
1251 83.63 59.0
1252 142.75 59.0
1253 104.09 59.0
1254 108.27 59.0
1255 169.68 59.0
1256 104.46 59.0
1257 87.88 59.0
1258 118.69 59.0
1259 66.81 59.0
1260 16.55 59.0
1261 77.04 59.0
1262 79.02 59.0
1263 84.31 59.0
1264 96.76001 59.0
1265 2.69 59.0
1266 144.4 59.0
1267 56.52 59.0
1268 124.31 59.0
1269 137.28 59.0
1270 98.32 59.0
1271 72.85 59.0
1272 29.98 59.0
1273 94.66001 59.0
1274 163.51 59.0
1275 82.17 59.0
1276 171.54 59.0
1277 81.56 59.0
1278 41.86 59.0
1279 127.57 59.0
1280 79.82 59.0
1281 113.71 59.0
1282 68.21 59.0
1283 73.89 59.0
1284 100.52 59.0
1285 69.04 59.0
1286 60.21 59.0
1287 96.98001 59.0
1288 160.27 59.0
1289 112.0 59.0
1290 148.67 59.0
1291 46.35 59.0
1292 108.58 59.0
1293 102.2 59.0
1294 132.85 59.0
1295 6.02 59.0
1296 83.21 59.0
1297 76.98 59.0
1298 78.11 59.0
1299 174.29 59.0
1300 35.54 59.0
1301 108.24 59.0
