92.06
62.69
89.44
94.44
13.8
27.21
80.15
95.26999
29.25
25.65
99.36
74.78
83.94
72.12
51.08
85.89
32.7
3.91
75.39
90.9
89.65
96.03
91.73
90.05
74.56
92.34
94.41001
78.38
29.83
97.53
89.74
73.80001
84.58
49.1
95.24
52.37
78.53
69.34
12.4
92.06
39.73
15.05
74.96
23.66
89.47001
82.66001
83.11
84.61
90.93
79.76
90.29
91.85
78.5
89.56
41.44
90.56
81.25
80.73001
97.74
86.69001
76.4
51.3
0.76
79.51
52.31
83.36
50.6
72.03
90.93
13.77
54.38
94.6
53.34
94.75
0.55
60.61
89.83001
81.13
37.56
36.0
18.17
15.08
94.44
91.85
89.59
1.56
90.84
84.34
59.42
1.13
4.73
33.53
38.75
13.56
79.76
78.99
70.38
5.77
15.33
89.8
78.63
73.65
89.83001
73.25
88.67
80.49
3.6
55.11
96.24
