125.62
125.13
124.12
118.14
139.18
154.87
103.79
147.97
174.23
185.47
68.09
152.76
139.69
43.33
142.23
98.17
200.27
123.79
250.05
248.67
177.16
-46.17
237.53
249.19
55.3
238.75
249.4
185.92
-24.85
37.25
72.82
40.49
-43.05
248.95
157.98
234.08
249.86
249.77
135.66
37.19
240.27
242.14
147.85
249.25
233.77
195.45
44.76
4.12
11.94
119.39
122.9
82.9
-26.75
21.25
248.89
95.76
248.95
249.47
48.95
89.8
108.49
149.1
125.5
-15.85
44.15
98.96
138.29
223.27
247.79
84.58
71.02
-13.34
189.28
249.07
186.05
249.65
58.81
62.5
249.19
104.18
119.18
65.98001
110.81
24.09
196.43
146.53
249.62
47.33
116.92
63.69
249.1
111.45
102.6
248.58
114.32
52.61
130.5
138.78
249.59
-5.19
42.96
76.67
46.96
248.67
106.53
130.82
0.09
86.96
116.4
-40.79
248.64
146.02
202.66
21.13
217.92
248.24
5.04
19.05
60.52
-1.83
87.45
176.43
81.07
249.65
63.15
248.98
64.31
63.63
248.58
98.99
248.34
2.69
107.45
121.71
142.99
101.01
248.7
5.65
77.83
3.02
34.93
221.16
187.69
248.34
7.88
114.84
53.28
69.4
72.61
201.83
249.16
32.21
98.63
-2.84
211.91
248.46
246.44
22.14
66.29
100.09
215.69
249.07
195.6
249.37
11.15
66.2
-14.17
130.02
248.7
186.47
61.68
130.17
4.03
109.56
109.53
140.98
77.34
36.4
109.92
245.37
209.34
241.8
248.85
-10.69
107.76
71.02
135.24
248.92
198.14
248.85
249.62
78.17
24.98
73.5
134.75
89.8
161.95
4.7
169.98
248.95
97.13
249.13
81.34
-11.33
52.43
250.05
80.52
-19.51
81.31
242.26
-1.68
62.23
-13.86
16.58
249.77
203.66
225.77
248.85
192.98
57.04
62.14
-23.33
249.25
239.33
106.11
248.49
-13.8
43.36
58.69
77.74
249.95
48.21
74.9
-16.27
235.85
76.34
220.18
-2.11
21.53
44.67
-0.55
249.4
177.92
87.39
77.25
44.46
82.05001
-12.46
36.67
-3.39
-43.94
208.37
249.92
250.02
50.81
173.31
246.47
249.68
64.4
86.6
46.11
-57.65
-60.09
19.73
212.49
85.16001
170.93
23.79
91.57001
23.42
6.08
55.69
39.45
181.74
248.98
249.47
166.93
140.95
249.5
95.33
129.5
113.86
-28.67
248.18
249.01
21.19
-34.56
84.15
74.69
93.4
-98.96
10.17
103.6
82.5
248.49
61.53
217.04
41.77
180.37
26.05
248.43
91.08001
192.24
248.4
249.31
12.12
184.37
-60.12
157.86
33.62
-115.36
-26.08
-113.68
-33.65
-85.28
200.0
42.84
181.86
-16.15
-73.95
109.22
-11.6
248.67
124.46
249.8
249.07
248.98
249.34
248.64
248.82
116.18
-49.59
84.00001
229.77
-94.53
13.53
111.69
-92.15
-66.41
-108.46
134.26
48.82
250.08
96.92
127.02
248.37
248.85
248.24
78.17
-88.73
-83.30001
149.22
248.98
-124.34
-118.69
239.39
249.34
142.56
139.3
249.4
249.37
248.21
27.48
-84.61
145.92
109.65
233.04
172.76
248.95
249.5
224.85
133.4
143.18
248.85
248.76
-93.01001
-80.31
174.23
97.62
248.27
-18.87
248.64
177.4
102.53
153.13
249.92
93.74
111.05
101.37
-63.91
249.34
215.51
248.58
248.43
96.49
249.56
-61.68
-68.79
-56.58
67.24
-101.71
183.48
161.56
108.31
248.27
249.04
69.53
-15.48
47.24
249.4
248.46
250.11
117.34
108.37
191.24
236.37
13.4
105.22
-28.27
208.4
168.76
233.19
117.86
249.68
248.64
-14.5
-1.77
0.12
19.45
55.45
248.31
249.68
107.85
235.11
38.2
-30.87
199.63
87.94001
-72.52
249.74
229.34
86.29001
249.22
9.47
-11.02
91.66
155.66
-120.76
-66.6
248.37
245.13
179.97
248.82
249.59
182.63
15.48
-46.72
248.95
-113.28
249.22
249.25
248.52
113.07
248.92
249.86
12.73
153.1
-67.24
-119.73
100.67
51.76
249.68
248.46
239.54
249.07
121.53
37.74
-82.29
48.67
170.56
-27.31
-67.05
-80.7
249.77
248.95
248.95
115.54
250.05
185.4
-31.08
-78.99
82.75001
-58.78
-95.79
-35.97
29.56
249.77
211.63
249.77
55.54
-2.84
72.95
156.21
-121.01
-129.74
248.31
249.22
120.58
90.69
249.56
248.49
182.02
152.06
-14.9
174.81
5.95
-109.07
134.87
93.16001
249.77
84.79
128.79
249.89
180.7
16.31
85.89
214.29
-102.02
249.1
182.2
249.16
155.24
249.1
135.97
166.78
-23.66
186.11
-110.66
-73.01
-51.57
248.52
248.89
108.21
117.53
248.37
248.67
-21.83
160.92
166.11
-116.21
-9.68
249.62
249.1
-1.95
90.38
-38.38
193.16
152.09
248.92
132.06
241.22
-21.86
249.62
250.08
208.43
33.53
22.5
-87.76
78.23
249.25
153.25
83.45
173.31
235.02
-63.73
-5.01
249.04
-31.63
137.77
249.62
249.22
178.84
249.74
-42.02
-14.38
157.01
170.99
-110.93
-99.57
9.59
249.8
118.99
89.62001
249.71
73.92
-69.83
84.46
-38.44
-93.25
77.01
243.54
247.3
200.67
248.92
24.0
-62.75
-62.29
141.68
93.37001
-123.51
-83.97
250.05
248.18
92.64
98.26
142.99
249.53
170.78
188.21
-84.27
-86.41001
152.52
-19.27
-17.62
-115.15
-119.82
240.73
248.98
201.68
248.49
95.84
100.37
-120.92
51.36
249.16
-28.31
249.53
249.53
-31.24
71.21
-100.43
172.92
143.27
98.84
-5.5
176.7
164.67
-103.76
90.93
120.76
250.05
248.67
101.07
127.97
248.37
97.04
71.39
-33.59
-118.63
-124.43
250.11
249.37
85.56
4.61
249.13
-65.4
52.76
-74.72
56.67
231.69
249.44
110.84
136.4
248.98
6.08
159.63
-36.7
-121.77
-110.2
195.76
248.37
86.11
95.88
249.01
-9.62
0.95
130.9
160.95
-99.24
-107.91
56.4
249.89
0.76
164.37
144.67
248.37
250.11
132.03
248.46
25.86
108.76
121.22
-89.98
-57.4
249.77
249.34
114.17
225.44
186.29
-31.08
125.65
42.35
-75.85
-128.0
238.41
248.89
105.22
248.58
249.95
-85.33999
59.21
87.27
118.72
-113.1
39.85
-138.84
142.87
-132.79
-126.9
188.73
